 A =  [1, 1, 1, 1, 1, 1, 1, 1, 1, 1, 1, 1, 1, 1, 1, 1, 1, 1, 1, 1, 1, 1, 1,...
    1, 1, 1, 1;
    
    -0.5, 0, -0.5, -0.5, 0, -0.5, -0.5, 0, -0.5, -0.5, 0, -0.5, -0.5, 0,...
    -0.5, -0.5, 0, -0.5, -0.5, 0, -0.5, -0.5, 0, -0.5, -0.5, 0, -0.5;
    
   -1, 0, 1, 0, 0, 0, 1, 0, -1, -1, 0, 1, 0, 0, 0, 1, 0, -1, -1, 0, 1, ...
   0, 0, 0, 1, 0, -1;
   
   0.167, 0, -0.167, 0, 0, 0, -0.167, 0, 0.167, 0.167, 0, -0.167, 0, 0,...
   0, -0.167, 0, 0.167, 0.167, 0, -0.167, 0, 0, 0, -0.167, 0, 0.167;
   
   -0.5, -0.5, -0.5, 0, 0, 0, -0.5, -0.5, -0.5, -0.5, -0.5, -0.5, 0, 0, ...
   0, -0.5, -0.5, -0.5, -0.5, -0.5, -0.5, 0, 0, 0, -0.5, -0.5, -0.5;
   
   0.25, 0, 0.25, 0, 0, 0, 0.25, 0, 0.25, 0.25, 0, 0.25, 0, 0, 0, 0.25, ...
   0, 0.25, 0.25, 0, 0.25, 0, 0, 0, 0.25, 0, 0.25;
   
   0.167, 0, -0.167, 0, 0, 0, -0.167, 0, 0.167, 0.167, 0, -0.167, 0, 0,...
    0, -0.167, 0, 0.167, 0.167, 0, -0.167, 0, 0, 0, -0.167, 0, 0.167;
    
    -0.0278, 0, 0.0278, 0, 0, 0, 0.0278, 0, -0.0278, -0.0278, 0, 0.0278,...
    0, 0, 0, 0.0278, 0, -0.0278, -0.0278, 0, 0.0278, 0, 0, 0, 0.0278, 0, -0.0278;
    
   -1, 0, 1, -1, 0, 1, -1, 0, 1, 0, 0, 0, 0, 0, 0, 0, 0,0, 1, 0, -1, 1, 0, -1, 1, 0, -1;
   
   0.167, 0, -0.167, 0.167, 0, -0.167,0.167, 0, -0.167, 0, 0, 0, 0, 0, 0, ...
   0, 0, 0, -0.167, 0, 0.167, -0.167,0, 0.167, -0.167, 0, 0.167;
   
    -1, -1, -1, 0, 0, 0, 1, 1, 1, 0, 0, 0, 0, 0, 0, 0, 0, 0, 1, 1, 1, 0, 0, 0, -1, -1, -1;
    
   0.5, 0, 0.5, 0, 0, 0, -0.5, 0, -0.5, 0, 0, 0, 0, 0, 0, 0, 0, 0, -0.5, ...
   0, -0.5, 0, 0, 0, 0.5, 0, 0.5;
   
   0.5, 0, -0.5, 0, 0, 0, 0.5, 0, -0.5, 0, 0, 0, 0, 0, 0, 0, 0, 0, -0.5, 0,...
   0.5, 0, 0, 0, -0.5, 0, 0.5;
   
   -0.083, 0, 0.083, 0, 0, 0, -0.083, 0, 0.083, 0, 0, 0, 0, 0, 0, 0, 0, 0, ...
   0.083, 0, -0.083, 0, 0, 0, 0.083, 0, -0.083;
   
   0.167, 0.167, 0.167, 0, 0, 0, -0.167, -0.167, -0.167, 0, 0, 0, 0, 0, 0, ...
   0, 0, 0, -0.167, -0.167, -0.167, 0, 0, 0, 0.167, 0.167, 0.167;
   
   -0.083, 0, -0.083, 0, 0, 0, 0.083, 0, 0.083, 0, 0, 0, 0, 0, 0, 0, 0, 0, ...
   0.083, 0, 0.083, 0, 0, 0, -0.083, 0, -0.083;
   
   -0.5, -0.5, -0.5, -0.5, -0.5, -0.5, -0.5, -0.5, -0.5, 0, 0, 0, 0, 0, 0, ...
   0, 0, 0, -0.5, -0.5, -0.5, -0.5, -0.5, -0.5, -0.5, -0.5, -0.5;
   
   0.25, 0, 0.25, 0.25, 0, 0.25, 0.25, 0, 0.25, 0, 0, 0, 0, ...
   0, 0, 0, 0, 0, 0.25, 0, 0.25, 0.25, 0, 0.25, 0.25, 0, 0.25; 
   
   0.5, 0, -0.5, 0, 0, 0, -0.5, 0, 0.5, 0, 0, 0, 0, 0, 0, 0, 0, 0, 0.5,...
    0, -0.5, 0, 0, 0, -0.5, 0, 0.5;
    
    -0.083, 0, 0.083, 0, 0, 0, 0.083, 0, -0.083, 0, 0, 0, 0, 0, 0, 0, 0, 0,...
    -0.083, 0, 0.083, 0,0, 0, 0.083, 0, -0.083;
    
    0.25, 0.25, 0.25, 0, 0, 0, 0.25, 0.25, 0.25, 0, 0, 0, 0, 0, 0, 0, 0, 0, ...
    0.25, 0.25, 0.25, 0, 0, 0, 0.25, 0.25, 0.25;
    
    -0.125, 0, -0.125, 0, 0, 0, -0.125, 0, -0.125, 0, 0, 0, 0, 0,0, 0, 0, 0, ...
    -0.125, 0, -0.125, 0, 0, 0, -0.125, 0, -0.125;
    
    -0.083, 0, 0.083, 0, 0, 0, 0.083, 0, -0.083, 0, 0, 0, 0, 0, 0, 0, 0, 0,...
    -0.083, 0, 0.083, 0, 0, 0, 0.083, 0, -0.083;
    
    0.01389, 0, -0.01389, 0, 0, 0, -0.01389, 0, 0.01389, 0, 0, 0, 0, 0, 0, 0, 0, ...
   0, 0.01389, 0, -0.01389, 0, 0, 0, -0.01389, 0, 0.01389;
   
   0.167, 0, -0.167, 0.167, 0, -0.167, 0.167, 0, -0.167, 0, 0, 0, 0, 0, 0, 0,...
   0, 0, -0.167, 0, 0.167, -0.167, 0, 0.167, -0.167, 0, 0.167;
   
   -0.0278, 0, 0.0278, -0.0278, 0, 0.0278, -0.0278, 0, 0.0278, 0, 0, 0, 0, 0, ...
   0, 0, 0, 0, 0.0278, 0, -0.0278, 0.0278, 0, -0.0278, 0.0278, 0, -0.0278;
   
   0.167, 0.167, 0.167, 0, 0, 0, -0.167, -0.167, -0.167, 0, 0, 0, 0, 0, 0, ...
   0, 0, 0, -0.167, -0.167, -0.167, 0, 0, 0, 0.167, 0.167, 0.167;
   
   -0.083,0, -0.083, 0, 0, 0, 0.083, 0, 0.083, 0, 0, 0, 0, 0, 0, 0, 0, 0, ...
   0.083, 0, 0.083, 0, 0, 0, -0.083, 0, -0.083;
   
   -0.083, 0, 0.083, 0, 0, 0, -0.083, 0, 0.083, 0, 0, 0, 0, 0, 0, 0, 0, 0, ...
   0.083, 0, -0.083, 0, 0, 0, 0.083, 0, -0.083;
   
   0.01389, 0, -0.01389, 0, 0, 0, 0.01389, 0, -0.01389, 0, 0, 0, 0, 0, 0, 0, ...
   0, 0, -0.01389, 0, 0.01389, 0, 0, 0, -0.01389, 0, 0.01389;
   
   -0.0278, -0.0278, -0.0278, 0, 0, 0, 0.0278, 0.0278, 0.0278, 0, 0, 0, 0, 0, ...
   0, 0, 0, 0, 0.0278, 0.0278, 0.0278, 0, 0, 0, -0.0278, -0.0278, -0.0278;
   
   0.01389, 0, 0.01389, 0, 0, 0, -0.01389, 0, -0.01389, 0, 0, 0, 0, 0, 0, 0, ...
   0, 0, -0.01389, 0, -0.01389, 0, 0, 0, 0.01389, 0, 0.01389;
   
   
   1, 0, -1, 1, 0, -1, 1, 0, -1, 1, 0, -1, 1, 0, -1, 1, 0, -1, 1, 0, -1,...
   1, 0, -1, 1, 0, -1;
   
   0.167, 0, -0.167, 0.167, 0, -0.167, 0.167, 0, -0.167, 0.167, 0, -0.167, ...
   0.167, 0, -0.167, 0.167, 0, -0.167, 0.167, 0, -0.167, 0.167, 0, -0.167,...
   0.167, 0, -0.167;
   
   -1, -1, -1, 0, 0, 0, 1,1, 1, -1, -1, -1, 0, 0, 0, 1, 1, 1, -1, -1, -1, ...
   0, 0, 0, 1, 1, 1;
   
   0.5, 0, 0.5, 0, 0, 0, -0.5, 0, -0.5, 0.5, 0, 0.5, 0, 0, 0, -0.5, 0, -0.5,...
   0.5, 0, 0.5, 0, 0, 0, -0.5, 0, -0.5;
   
   0.5, 0, -0.5, 0, 0, 0, 0.5, 0, -0.5, 0.5, 0, -0.5, 0, 0, 0, 0.5, 0, -0.5,...
   0.5, 0, -0.5, 0, 0, 0, 0.5, 0, -0.5;
   
   
   -0.083, 0, 0.083, 0, 0, 0, -0.083, 0, 0.083, -0.083, 0, 0.083, 0, 0, 0,...
   -0.083,0, 0.083, -0.083, 0, 0.083, 0, 0, 0, -0.083, 0, 0.083;
   
   0.167, 0.167, 0.167, 0, 0, 0, -0.167, -0.167, -0.167, 0.167, 0.167, 0.167, ...
   0, 0, 0, -0.167, -0.167, -0.167, 0.167, 0.167, 0.167, 0, 0, 0, -0.167, -0.167, -0.167;
   
   0.083, 0, 0.083, 0, 0, 0, -0.083, 0, -0.083, 0.083, 0, 0.083, 0, 0, 0, ...
   -0.083, 0, -0.083, 0.083, 0, 0.083, 0, 0, 0, -0.083,  0, -0.083;
   
   -1, -1, -1, -1, -1, -1, -1, -1, -1, 0, 0, 0, 0, 0, 0, 0, 0, 0, 1, 1, 1, ...
   1, 1, 1, 1, 1, 1;
   
   0.5, 0, 0.5, 0.5, 0, 0.5, 0.5, 0, 0.5, 0, 0, 0, 0, 0, 0, 0, 0, 0, -0.5,...
   0, -0.5, -0.5, 0, -0.5, -0.5, 0, -0.5;
   
   1, 0, -1, 0, 0, 0, -1, 0, 1, 0, 0,0, 0, 0, 0, 0, 0, 0, -1, 0, 1, 0, 0, 0,...
   1, 0, -1;
   
   -0.167, 0, 0.167,0, 0, 0, 0.167, 0, -0.167, 0, 0, 0, 0, 0, 0, 0, 0, 0,...
   0.167, 0, -0.167, 0, 0, 0, -0.167, 0, 0.167;
  
  0.5, 0.5, 0.5, 0, 0, 0, 0.5, 0.5, 0.5, 0, 0, 0, 0, 0, 0, 0, 0, 0, -0.5, ...
  -0.5, -0.5, 0, 0, 0, -0.5, -0.5, -0.5;
  
  0.25, 0, 0.25, 0, 0, 0, 0.25, 0, 0.25, 0, 0, 0, 0, 0, 0, 0, 0, 0, -0.25,...
  0, -0.25, 0, 0, 0, -0.25, 0, -0.25;
  
  0.167, 0, -0.167, 0, 0, 0, -0.167, 0, 0.167, 0, 0, 0, 0, 0, 0, 0, 0, 0,...
  -0.167, 0, 0.167, 0, 0, 0, 0.167, 0, -0.167;
  
  0.0278, 0, -0.0278, 0, 0, 0, -0.0278, 0, 0.0278, 0, 0, 0, 0, 0, 0, 0, 0, ...
  0, -0.0278, 0, 0.0278, 0, 0, 0, 0.0278, 0, -0.0278;
  
  0.5, 0, -0.5, 0.5, 0, -0.5, 0.5, 0, -0.5, 0, 0, 0, 0, 0, 0, 0, 0, 0, 0.5, ...
  0, -0.5, 0.5, 0, -0.5, 0.5, 0, -0.5;
  
  -0.083, 0, 0.083, -0.083, 0, 0.083, -0.083, 0, 0.083, 0, 0, 0, 0, 0, 0,...
  0, 0, 0, -0.083, 0, 0.083, -0.083, 0, 0.083, -0.083, 0, 0.083;
  
  
  0.5, 0.5, 0.5, 0, 0, 0, -0.5, -0.5, -0.5, 0, 0, 0, 0, 0, 0, 0, 0, 0, 0.5,...
  0.5, 0.5, 0, 0, 0, -0.5, -0.5, -0.5;
  
  0.25, 0, 0.25, 0, 0, 0, -0.25, 0, -0.25, 0, 0, 0, 0, 0, 0, 0, 0, 0, 0.25,...
  0, 0.25, 0, 0, 0, -0.25, 0, -0.25;
  
  0.25, 0, -0.25, 0, 0, 0, 0.25, 0, -0.25, 0, 0, 0, 0, 0, 0, 0, 0, 0, 0.25,...
  0, -0.25, 0, 0, 0, 0.25, 0, -0.25;
  
  0.54, 0, -0.54, 0, 0, 0, 0.54, 0, -0.54, 0, 0, 0, 0, 0, 0, 0, 0, 0, 0.54,...
  0, -0.54, 0, 0, 0, 0.54,0, -0.54;
  
  -0.083, -0.083, -0.083, 0, 0, 0, 0.083, 0.083, 0.083, 0, 0, 0, 0, 0, 0,...
  0, 0, 0, -0.083, -0.083, -0.083, 0, 0, 0, 0.083,0.083, 0.083;
  
  0.54, 0, 0.54, 0, 0, 0, -0.54, 0, -0.54, 0, 0, 0, 0, 0, 0, 0, 0, 0, 0.54,...
  0, 0.54, 0, 0, 0, -0.54, 0, -0.54;
  
  
  0.167, 0.167, 0.167, 0.167, 0.167, 0.167, 0.167, 0.167, 0.167, 0, 0, 0, 0, 0, 0, 0, 0, ...
  0, -0.167, -0.167, -0.167, -0.167, -0.167, -0.167, -0.167, -0.167, -0.167;
  
  0.083, 0, 0.083, 0.083, 0, 0.083, 0.083, 0, 0.083, 0, 0, 0, 0, 0, 0, 0, 0,...
  0, -0.083, 0, -0.083, -0.083,0, -0.083, -0.083, 0, -0.083;
  
  0.167, 0, -0.167, 0, 0, 0, -0.167,0, 0.167, 0, 0, 0, 0, 0, 0, 0, 0, 0, ...
  -0.167, 0, 0.167, 0, 0, 0, 0.167,0, -0.167;
  
  0.0278, 0, -0.0278, 0, 0, 0, -0.0278, 0, 0.0278, 0, 0, 0, 0, 0, 0, 0, 0, ...
  0, -0.0278, 0, 0.0278, 0, 0, 0, 0.0278, 0, -0.0278;
  
